374
0 44
32 51
553 562
244 513
423
756
620 760
271 394
622 795
108 947
55 615
617 881
632 684
102 631
320
257 409
15 236
151 482
129 386
368 388
72 199
173 191
336 661
200 262
161 805
158 195
71 861
207 461
20 285
31 67
929 991
188 534
117 134
160 740
468
934 956
185 817
587 662
607 612
788 990
47 797
86 153
307 344
628 630
10 157
558 846
939
190 383
462
52 469
137 670
528 856
152 624
814 838
936
26 345
49 150
806 808
250 259
54 114
744 841
130 147
30 99
550
297 385
131 162
414 438
416
124 494
585 600
876 932
79 252
202
218 248
70
636 695
339 474
290 415
198 470
53 80
546
119 133
390 410
61 825
382 455
64 657
979 995
779
65 88
2 12
116 327
225
37 76
163 183
101 525
403 422
8 452
408 492
227 405
897 937
350 545
376 413
517 751
355 392
432 710
94 288
169 454
40 91
18 27
256 401
105 226
698 700
434 464
685 794
833 928
243 676
770 892
361
653 885
915 943
155 758
69 96
542 993
973 981
436
478 619
518 894
730
171 372
689 721
204 459
696 714
536
34
175 330
95 837
547 686
84 660
90
501 752
599 659
249 717
750 840
444 447
765 774
128 138
395 490
59 234
143 715
450
81
335 402
313
221 573
224 484
337 424
466 511
228
711 769
251
577 637
665 709
146 242
113
304 572
36 263
487 847
115 475
231 341
281
443 705
57 579
266 270
723
465 471
862 879
353 407
82 182
816 835
273 417
457
66 97
22
775
441
366 371
718
254
181
918 927
427 437
960 961
23
567
596
882 912
716 800
726 853
375 681
364
165 264
168 338
610
118 291
384 522
643 674
269 735
38
818 857
139
802
793 871
203
21
860
701 801
537 625
318 521
104 123
458 858
977 996
348
910 911
126 664
548 586
580 609
272
214 321
582 832
704
174
156 172
50
58 93
796 957
215 566
634 720
209
777
148
245
210
406
564 773
42
180 223
87
211
287
606
13
485
745
451
583 590
481 789
666 982
527 568
926
754
426 581
197
246 965
193
994
141
206 238
421
125
951
570
241
673 763
650
924
603 753
496 510
872 884
28
1
144 237
749 798
761
24
260
92
514
222
480
109
820
359 813
654
275
940 984
916 945
300
595 903
529 759
25
602
731 762
255
247
476 578
159
370
404
782 810
864
997
919 949
866 920
524 571
7
286
78
442
322 498
324 365
358
868 904
154
483
824 883
757
495 503
216
298
11
604
663
870
306 703
46 608
98
140
618 651
343 398
497
230
941 953
418 552
463
727
613
280 289
205
399 697
449 683
899
111
363 373
121
201
724
189
783 828
253 331
477
559
952 968
629
523 543
699 737
268
435
677
196
834 946
908
898 901
279
145
